musher_id  checkpoint_order  rest_cum_seconds  cum_elapsed_seconds
     1052                 4               300                    0
     1052                 5              1200                19920
     1052                 6             15660                52980
     1052                 7             16260                65460
     1052                 8             33360                98760
     1052                 9             33960               146640
     1052                10             34440               179880
     1052                11            124440               278220
     1052                12            125040               287220
     1052                13            143760               348960
     1052                14            172560               412920
     1077                 4               360                    0
     1077                 5              1020                21600
     1077                 6              1140                52920
     1077                 7             14460                79380
     1077                 8             14460                94020
     1077                 9             30000               162780
     1077                10             30360               184140
     1077                11            119580               282120
     1077                12            120000               291420
     1077                13            136560               360240
     1077                14            136560               401640
